1.848306893780241877e-01
1.192450720634082445e-01
1.189712929491869992e-01
1.211500653827105867e-01
9.467679615567086149e-01
9.174531328984786294e-01
3.078596142630970478e-01
9.128486165392978718e-03
2.257177104594696726e-01
1.869369193967630183e-01
1.696035565707871284e-01
1.180880901474082034e-01
8.282027591121142729e-01
9.060882433036185346e-02
8.550646715511768248e-01
3.836658433300594445e-02
2.879826077937054918e-01
1.517927009833682506e-01
2.689205888778689046e-01
6.145884920302775029e-02
1.429994316902479801e-01
2.214818521096807713e-01
1.207313504432914464e-01
4.368658930077159996e-02
2.179432525311121305e-01
2.188780971228498073e-01
3.747429602706340845e-01
9.524493890575802535e-02
9.641411146109173103e-02
1.135007819455975675e-01
4.103868992253471570e-01
5.778125545351324721e-01
6.733223636827463665e-02
1.820762115212609389e-01
7.256597699452758954e-02
2.904645814219324884e-01
3.636137762747834179e-01
2.802502511413159092e-01
1.026729874708122020e-01
1.749777607179149944e-02
2.265624627102295618e-01
6.747018088376016687e-02
2.002202322923617162e-01
3.132809662606835244e-01
8.817433075682976074e-02
2.200508297993058193e-01
2.528357819551936836e-01
3.614023538979875549e-02
1.414444893343291820e-01
1.551589317912079879e-01
9.328551289882009989e-01
7.366555390631303046e-01
7.835301566609521595e-01
8.623647513262204800e-01
5.896458689607452230e-01
8.485572502130920292e-01
9.129889411090914564e-01
6.715611693869891763e-01
6.505000945937834400e-01
9.569874909625067927e-01
8.985210274633919081e-01
4.193474059242897067e-01
9.779993334920199510e-01
6.778968996109346890e-01
5.147011927578278856e-01
9.799013148168054244e-01
9.536337851019002221e-01
8.127704321897627482e-01
9.030667569405493866e-01
4.248884043880194472e-01
6.252247593330084730e-01
4.761907478278690764e-01
3.454961967297793812e-01
9.851965884042054311e-01
2.578541695526706534e-01
8.494738723163917093e-01
8.250470913467060630e-01
7.255325389972319128e-01
8.268815094811066135e-02
7.655216678135736696e-01
7.584590954516277073e-01
8.919152259858218468e-01
8.956204013609357917e-01
9.635357530538806170e-01
7.657068368156243476e-01
9.554915251733808734e-01
9.957761445775151765e-01
4.074284287812935390e-01
9.813931154087276454e-01
8.999501103416945869e-01
7.374370200581814583e-01
4.914270057263269709e-01
5.685515870484439960e-01
8.607610299618263516e-01
2.179965721502825915e-01
9.490646173230828930e-01
8.922801692024195930e-01
6.728473112913669896e-01
8.266722101639307763e-01
9.794470916086714940e-01
