1.849953364424688773e-01
1.220791177092688112e-01
1.207852859278099461e-01
1.228427218912928470e-01
9.455383357003749323e-01
9.166822328463064551e-01
3.093723113828278914e-01
9.361830415371105371e-03
2.275558627412228307e-01
1.893130738828961435e-01
1.697399298075165375e-01
1.204080307894893759e-01
8.265533074037463290e-01
9.178535153187124263e-02
8.516397113256513052e-01
3.987170201850490786e-02
2.916344837024817949e-01
1.510439904463784788e-01
2.708835880153375175e-01
6.273139946776347398e-02
1.450786952411745045e-01
2.209632045590259608e-01
1.217282334506482461e-01
4.457694504570796495e-02
2.213137570674911514e-01
2.223133624598751523e-01
3.785960676296131755e-01
9.805251932691147476e-02
9.844233908280072831e-02
1.150523511703527429e-01
4.122508273865999606e-01
5.835676358289104693e-01
7.013397424697825899e-02
1.849199365051517052e-01
7.390333719588357275e-02
2.900645589183199480e-01
3.640263868599234454e-01
2.808386199946010797e-01
1.038725396490387809e-01
1.818641029569859763e-02
2.285281431103278194e-01
6.809466673537978298e-02
2.028854540614739577e-01
3.156093273908370245e-01
8.909837506854936806e-02
2.237065399351569894e-01
2.562076770460339215e-01
3.695713955113359706e-02
1.410424775481325665e-01
1.568386910614627261e-01
9.317855736275649781e-01
7.358836220573317100e-01
7.833305511137140797e-01
8.592675183980463816e-01
5.865927220421592869e-01
8.451064927496121371e-01
9.096532624888620244e-01
6.675485712968274310e-01
6.507423230808574433e-01
9.565950918387189361e-01
8.962023738586096799e-01
4.227020748378647608e-01
9.773337762995827349e-01
6.752938616982726572e-01
5.098909784174570081e-01
9.794628846157327207e-01
9.524517931646515612e-01
8.125922099175810764e-01
9.021820064169093767e-01
4.216910694821499050e-01
6.252297751162754214e-01
4.783866354344434302e-01
3.509581977446990519e-01
9.847919188803757606e-01
2.575119969724746216e-01
8.466291311123862462e-01
8.244665083032511887e-01
7.249136085905596438e-01
8.390147645123442743e-02
7.632555577053894424e-01
7.534911242543989029e-01
8.903322685824008875e-01
8.931204476814820215e-01
9.624907485758446013e-01
7.666126801301773597e-01
9.547908324406452207e-01
9.955925617977707809e-01
4.095736114317057308e-01
9.809345611956362676e-01
8.975747091991244098e-01
7.353312134675840106e-01
4.907089546179511097e-01
5.643886817011235513e-01
8.609824513494419573e-01
2.190553063176360893e-01
9.477372869090739949e-01
8.910611574100252286e-01
6.731991920152143871e-01
8.274172540490959404e-01
9.788009688019263521e-01
