1.281251931741612948e-01
1.726281115647452364e-04
2.606736558110409871e-05
6.696183633414399953e-05
2.102302601743664511e-04
2.092888746084691203e-03
5.703571234929852209e-04
5.607812615566745175e-08
5.839417756203825211e-04
4.059834225100971864e-06
1.085993428271832354e-04
2.949780391337124318e-04
1.862019663936241619e-03
3.459229138987098278e-04
4.731772805804675036e-06
8.443283192435140083e-02
2.056114845511898491e-05
1.436798223581254044e-05
2.056243107549233975e-03
1.486156594384329071e-06
6.688799070947773998e-07
8.804507920206923726e-04
4.801571504348902297e-04
1.146813472329047227e-02
1.369793166992215489e-07
4.242107034226151187e-08
2.321340458386886836e-05
1.685932639216002060e-02
1.583168881028775682e-05
9.293945114809786245e-01
4.146542515258596663e-03
2.766350102075504794e-05
8.665207109279836090e-07
1.299005574506721569e-05
5.470809748893788217e-03
1.126328118769787849e-03
3.172328468757951853e-02
4.271652229434739767e-01
4.486191694209629719e-05
1.106512484400994000e-05
1.031036597436441179e-03
2.448313903688788449e-05
1.994413906650984377e-06
3.157749935729580685e-03
5.533193017434307034e-05
3.753243941498366539e-03
2.468413291059677269e-06
2.752347412970018288e-08
1.703736553589461509e-04
9.586992873881192700e-01
1.276076702792038661e-03
2.766457767724239333e-02
8.692101348168502367e-06
1.430845716911014311e-03
1.460547317705457489e-02
6.612632982953278630e-07
5.372313719863537141e-04
7.193710937970316729e-04
1.163975298046729260e-03
1.116352093421136014e-04
3.354781369934967897e-04
2.548863047018615327e-05
5.766409396215618546e-08
9.974952178548708304e-01
9.707078100572392731e-01
8.011184252766260228e-01
7.794146775626952239e-01
9.928068650256894889e-01
9.444963830619401701e-01
9.995912464769879380e-01
9.999631897020756499e-01
9.987757340710535781e-01
9.971670609873950486e-01
9.813085758295368999e-01
9.957093517815379657e-01
7.462509039472330352e-01
9.829993933765807101e-01
9.795258639689307101e-01
9.985516804607169616e-01
5.074758546570131701e-01
9.927710453535046886e-01
9.999650660584631368e-01
9.986710625670933705e-01
9.926976644168417074e-01
9.611373143140364839e-01
6.592806568358288155e-01
9.889545457332410416e-01
9.964442531602938358e-01
9.998440653516539323e-01
9.838096550206136826e-01
8.025539455416000889e-01
9.928234706542614640e-01
9.573745373970496964e-01
9.957447015050137074e-01
9.521114244259236692e-01
9.998327333569970721e-01
9.986982120511923577e-01
9.244097345194353110e-01
9.997098208535156738e-01
9.994203348753107896e-01
9.998633803005745335e-01
9.852382721775223562e-01
9.798792302976963020e-01
9.993518443483249136e-01
6.810846235038188201e-01
9.873447882146498822e-01
9.744878558670495572e-01
9.985506372924496388e-01
9.292691296244970367e-01
9.193138536940513861e-01
9.994133555429667304e-01
8.710769668694798851e-01
9.923617921982285095e-01
9.112955114362565334e-01
5.307463363025720637e-01
9.942904911895352749e-01
9.992069690458108555e-01
9.047915982028671422e-01
9.992971372047070311e-01
9.876685084090207623e-01
9.661677666435832812e-01
9.902797278528295832e-01
9.085827633008792814e-01
9.990394451531914299e-01
9.997888152825397112e-01
2.249387799544913524e-01
