5.814773577709193148e-02
7.565007044146707452e-03
6.940038342338515111e-03
1.191586094998276640e-02
1.195899367002776353e-02
2.672794023226918517e-02
1.389078333555062231e-02
7.292062556163901805e-04
2.281304894453536555e-02
4.364658516180962115e-03
8.889681577053495237e-03
9.491111785753767599e-03
1.177478487027390150e-02
1.233133845918974597e-02
3.736208748928128258e-03
8.495805422905232385e-02
3.205212613549182632e-03
7.112305815532628597e-03
1.812703343617865989e-02
2.303090649534958630e-03
2.471335842314945075e-03
2.503436740521799292e-02
1.393840776857014664e-02
1.839294671803242895e-02
1.210979255251994503e-03
1.540661546752449332e-03
5.660211633049478351e-03
4.424571450631991504e-02
3.117041101927862934e-03
1.014375901532567764e-01
1.509796276670959635e-02
2.965880965309463171e-03
1.239166233721112655e-03
3.636606578486950309e-03
3.731682458475311243e-02
1.234753291934008110e-02
3.634090819609665790e-02
4.831977250484417036e-02
4.295516017773756516e-03
4.543472202395897573e-03
1.233014212816425578e-02
5.040615606894813076e-03
1.970133513654888802e-03
1.888067152044989663e-02
1.200988334096192087e-02
1.927900235928709308e-02
3.084108589463353898e-03
1.047528102353809934e-03
8.440074288739272609e-03
2.025290604530016469e-01
1.078827297202437224e-02
2.131916621084676070e-02
5.020449281941720583e-03
2.176370031528299456e-02
1.183177614798675177e-02
1.386241743922517851e-03
1.284657059988884506e-02
9.627510594872983052e-03
1.794229063941403177e-02
1.012424583235537953e-02
5.085581465246714027e-03
3.713211864549138125e-03
7.504697011560968606e-04
2.218501915215935205e-01
1.310375471567014061e-01
1.067255146190215637e-01
1.010249875524047852e-01
1.287700024868749515e-01
1.227229523037132036e-01
2.552246778807661931e-01
3.850391988786179831e-01
2.059237100467566361e-01
1.994648164645417554e-01
1.551511570681010643e-01
2.129186639847860663e-01
9.937293311133248153e-02
1.530721740361269678e-01
1.260138171950258290e-01
1.660286301854131397e-01
6.793878560375439524e-02
1.558186594719206397e-01
3.934838414924128336e-01
2.085013846827043771e-01
1.726930125379529113e-01
1.043624213221963359e-01
9.382866988984162049e-02
1.165291099237815847e-01
1.854612617616459014e-01
2.777956620299116275e-01
1.661340922339248349e-01
1.083225530323753405e-01
1.590798951468352096e-01
1.253199235465854433e-01
1.709773096551265581e-01
1.370583928419539244e-01
2.408634970836555644e-01
1.992383238302366522e-01
1.059163886880526984e-01
1.896590787854020022e-01
2.314301598216414735e-01
2.947510142477411943e-01
1.600532111740729790e-01
1.439182020756562541e-01
2.281081667743555530e-01
7.446672380757873855e-02
1.452053890237310074e-01
1.537639312499262112e-01
2.029662435799570730e-01
1.209944673781914448e-01
9.218046075840025111e-02
2.246482689493597418e-01
8.455879667883346718e-02
1.892616803475775378e-01
9.607557611023688493e-02
7.507959745365636040e-02
2.145776680519895785e-01
2.674766148991722381e-01
1.221464152118462293e-01
2.150373833606426532e-01
1.570365411732841110e-01
1.387473666999866351e-01
1.393112947808527735e-01
1.133427004437772140e-01
1.860127679469967543e-01
2.775947853965601286e-01
5.350169541828270203e-02
