3.531142211332883862e-01
4.594007891385692294e-02
4.214482646898658896e-02
7.236154430184009445e-02
7.262347671658511694e-02
1.623109768847275924e-01
8.435467130255176749e-02
4.428256673391331617e-03
1.385369851821265097e-01
2.650529675587471115e-02
5.398444056769045873e-02
5.763675061679292277e-02
7.150483046180508562e-02
7.488461790223675807e-02
2.268890481697643027e-02
5.159254568930324858e-01
1.946432032949254112e-02
4.319095653425224224e-02
1.100801812440481697e-01
1.398599704771803613e-02
1.500770097847246680e-02
1.520264036031608312e-01
8.464388057868026116e-02
1.116949949621737492e-01
7.353923429901492934e-03
9.355987724045243537e-03
3.437281255311164935e-02
2.686913051314406276e-01
1.892888048413620891e-02
6.160008667906958779e-01
9.168551951022631263e-02
1.801092911087850273e-02
7.525094719981968543e-03
2.208404991818297206e-02
2.266141797666339497e-01
7.498296213019743639e-02
2.206877244908397040e-01
2.934318697944501841e-01
2.608541455158966058e-02
2.759118006142268972e-02
7.487735293322914099e-02
3.061018679874685441e-02
1.196404557986087587e-02
1.146568052791436670e-01
7.293251482917012529e-02
1.170757521569476128e-01
1.872889095172437443e-02
6.361332303563623815e-03
5.125410678414401427e-02
1.229899848772666893e+00
6.551403174997731671e-02
1.294650715311268796e-01
3.048772259556222289e-02
1.321645973502736660e-01
7.185092185078213733e-02
8.418241349657108741e-03
7.801347225287297293e-02
5.846506075822778536e-02
1.089582921813406352e-01
6.148158881643909363e-02
3.088325132718162599e-02
2.254925145287796709e-02
4.557383369556199798e-03
1.347231436280289740e+00
7.957527629422214144e-01
6.481128880789920332e-01
6.134952516693101821e-01
7.819826262503959402e-01
7.452606561333359192e-01
1.549904947104862041e+00
2.338230629289143714e+00
1.250514564570275988e+00
1.211291589742679697e+00
9.421876751323943200e-01
1.292992877417387554e+00
6.034628074230656836e-01
9.295626182101595081e-01
7.652451177365433566e-01
1.008243393319638859e+00
4.125724078952431872e-01
9.462412223303955372e-01
2.389512478177469479e+00
1.266168029993194777e+00
1.048714241449870244e+00
6.337625124741266269e-01
5.697941157182037086e-01
7.076472598663473557e-01
1.126252090853738341e+00
1.686971943463767998e+00
1.008883833546960540e+00
6.578112360527326175e-01
9.660457543536912217e-01
7.610313042157957897e-01
1.038295278801215415e+00
8.323156007947873913e-01
1.462693689367051908e+00
1.209916166106896673e+00
6.431993025524962437e-01
1.151744207941256315e+00
1.405407786563661166e+00
1.789936846781606139e+00
9.719564183938551594e-01
8.739732193126873439e-01
1.385234292758168895e+00
4.522146705499104358e-01
8.817899298096318894e-01
9.337634577871373187e-01
1.232554734251944506e+00
7.347640718715511277e-01
5.597850229145766576e-01
1.364223343503710106e+00
5.135008823675931700e-01
1.149330923262556148e+00
5.834389211327420943e-01
4.559364732528985442e-01
1.303067524713943381e+00
1.624307383241214042e+00
7.417595147143564160e-01
1.305859241553621874e+00
9.536370623001243496e-01
8.425722458803328596e-01
8.459968164571408655e-01
6.882971254766477864e-01
1.129601226886083776e+00
1.685752078322299674e+00
3.249001746062854523e-01
