8.395905283629258309e-02
4.127475061370708409e-01
2.118094200812573047e-01
6.138588112670747415e-02
4.316272108707500110e-01
1.892561806393736612e-01
9.996471728391376210e-01
1.700224283393274582e-01
4.510928349145151145e-02
3.194437598862210903e-01
8.113774314733003257e-01
6.280053228048529390e-02
2.777037009089315944e-01
1.717340875125528410e-01
9.388549636297861545e-01
6.148189902520435207e-02
2.134253092443733346e-01
3.052310316182174077e-01
7.764684255564543447e-01
1.797198622890066877e-01
2.535053576321296132e-01
4.592825905191959268e-02
1.907898549409100253e-01
3.624216369760109302e-01
1.158860871794392122e-01
3.031924982552174352e-01
4.170681320986261431e-01
3.637059804299592330e-02
3.273328511534739915e-02
1.249457543683576838e-01
4.877989095517135804e-02
8.181546961149935293e-02
4.169695957249722196e-02
2.281170699428455573e-01
7.361964303800679899e-01
3.598742183413290996e-01
7.438386688573493666e-02
4.661251141682525301e-01
1.009596871731170270e-01
4.905079113256798767e-02
2.394332129439104284e-01
4.266533593802074309e-01
7.963052049551963552e-02
9.596472549646931083e-02
9.144104489014259762e-01
4.383916279704691554e-02
1.643796631113112749e-01
8.681197788424967199e-02
7.182850278900401730e-02
2.407152613141927688e-01
9.997969346592880946e-01
1.932322200246857635e-01
9.996727586858780157e-01
3.894795660670426485e-01
8.518373519321011944e-01
8.968113712574614649e-01
7.202721135877508951e-01
6.053466449619400169e-01
6.427848418679656950e-01
9.497304556240212525e-01
8.275765128719463348e-01
8.430963331738080546e-01
1.820338940181437382e-01
8.807313372798413198e-01
9.644594016967172889e-01
6.514059297914200908e-01
8.289144493843191297e-01
9.986069496659721878e-01
3.793487274341713067e-01
9.482520694475224943e-01
9.774244051167237934e-01
3.118115994595382912e-01
6.300748627779134692e-01
4.262022540142260119e-01
8.020873759309131712e-01
9.912835987626792411e-01
7.102157398565492885e-01
4.702087304271289625e-01
9.820117267952516160e-01
2.498708457788194615e-01
1.602604859411057847e-01
9.998601127394924903e-01
9.681687963461693691e-01
9.343402393723200250e-01
5.085322665813073462e-01
8.780018231137335372e-01
8.046773628199238582e-01
6.498029819022056452e-01
7.525089765334256331e-01
9.999454554289548547e-01
2.342785787401486519e-01
7.147137446886736578e-01
6.953308691309976197e-01
8.041846886695167562e-01
8.354013602377887704e-01
5.220584873638146606e-01
5.029738711157246689e-01
7.232956540400079515e-01
9.979439310751379022e-01
4.142511876869868215e-01
